0
1
2
4
4
5
6
9
11
16
17
18
18
19
19
19
20
22
22
24
24
25
26
26
27
28
29
30
30
32
33
33
36
36
36
39
40
41
42
45
47
48
49
51
51
51
51
51
52
54
56
57
59
59
60
64
65
66
68
69
70
70
71
72
73
75
78
78
78
81
81
82
84
86
88
89
89
90
91
91
92
92
95
95
95
95
96
97
99
99
99
99
100
103
103
103
104
104
105
105
106
107
108
108
109
109
110
113
113
114
114
114
114
115
116
116
118
118
119
120
122
122
124
124
124
124
125
126
130
130
131
133
134
135
136
137
138
138
139
140
142
142
144
144
149
151
152
152
153
154
155
155
156
157
158
159
159
160
161
161
162
165
165
165
166
166
169
172
173
174
175
176
176
176
176
177
178
180
181
182
182
183
184
184
184
185
185
187
189
189
193
193
194
196
196
196
197
197
198
200
201
205
206
206
206
207
207
209
209
209
209
209
211
211
211
214
214
214
215
216
216
217
217
217
218
218
219
219
219
219
220
224
224
225
226
228
228
228
230
231
231
233
234
234
234
235
236
238
241
241
242
243
247
248
249
249
249
251
251
252
252
253
254
255
255
255
256
259
260
260
261
262
263
264
264
264
265
267
267
269
270
272
272
275
275
275
277
279
280
281
283
283
284
287
287
287
287
288
288
289
290
292
293
294
296
297
298
299
300
300
301
301
304
304
305
306
306
307
308
308
309
312
313
313
315
315
318
318
319
320
320
320
321
322
323
323
326
327
328
328
329
331
333
335
336
337
338
339
339
339
341
341
345
346
346
349
350
351
352
352
354
355
356
356
357
362
363
363
363
364
364
364
365
367
368
369
370
370
371
372
373
374
375
377
378
379
379
380
380
380
382
384
384
385
386
386
387
388
389
390
391
391
392
392
392
392
394
394
394
394
395
395
395
395
397
398
398
398
400
400
402
404
405
406
406
408
411
411
412
412
413
414
416
417
417
418
418
418
419
421
422
422
424
424
425
426
426
427
427
427
428
431
431
431
431
432
438
444
445
449
452
453
456
456
457
458
459
463
464
464
464
466
466
467
469
470
470
471
472
472
472
473
478
479
480
480
481
481
482
484
484
486
486
486
491
492
494
494
494
494
495
495
496
496
497
498
499
501
501
501
502
505
505
507
507
509
509
510
512
513
515
516
517
517
518
520
521
522
523
523
524
525
525
525
527
527
527
529
529
530
531
532
533
535
535
536
536
537
537
537
537
538
540
542
542
543
543
547
549
550
551
553
556
556
557
558
559
561
561
562
562
563
565
565
565
565
566
566
568
569
570
572
572
573
574
575
575
577
577
577
577
579
580
582
583
585
587
588
588
589
590
590
591
591
592
592
594
594
595
597
599
600
601
601
601
601
603
604
605
606
607
608
609
610
612
618
618
618
619
623
625
626
626
626
626
632
633
633
635
636
636
637
637
638
638
638
639
641
641
642
643
644
645
646
646
646
647
648
649
650
651
653
653
653
654
656
657
659
659
659
660
662
662
663
663
667
667
667
668
672
672
673
673
674
677
678
678
679
679
681
682
685
686
686
686
687
687
688
688
688
688
690
690
691
691
692
692
696
697
697
697
700
700
701
702
702
703
707
707
709
710
710
712
712
715
715
716
717
717
721
722
722
724
724
724
725
728
729
730
730
730
731
732
733
735
735
737
738
739
743
744
744
744
744
745
746
746
747
748
751
751
752
755
757
759
760
760
763
763
763
765
765
766
767
768
769
771
775
775
779
779
780
782
782
783
784
784
785
785
786
786
787
787
787
787
788
788
788
788
789
789
791
793
795
796
796
797
798
798
799
802
806
809
811
812
812
812
813
814
816
817
817
819
819
820
820
820
822
823
823
823
824
824
825
825
825
826
826
827
828
828
828
829
829
830
832
835
835
836
837
838
840
840
843
843
844
846
847
848
849
849
849
850
851
853
855
856
857
858
860
860
860
862
864
865
865
868
869
871
872
872
872
873
874
875
876
877
878
884
885
885
886
886
887
887
888
889
895
896
897
898
898
899
900
900
900
900
901
901
901
901
902
905
906
906
906
908
908
909
913
914
915
916
917
918
919
920
920
921
923
923
925
925
927
927
927
928
930
931
931
932
932
933
933
933
938
942
942
943
943
944
946
947
948
950
951
951
951
954
956
956
958
958
959
960
963
965
965
968
968
968
969
969
969
971
972
976
976
977
978
979
980
980
981
983
985
985
985
987
988
989
992
992
992
994
995
996
996
997
999
